[[7558 1038   66 1264  155   89 1444  362    0    9  726  109   60  260]
 [ 742  250   14  112   29    7   78   35    0    1   52   15    8    4]
 [2390  848   37  464   88   30  324  164    0    4  145   39   41   33]
 [ 683  163   10  427   15   12  303   58    0    0   57   20   11   24]
 [ 256  106    8   23    9    2   15   14    0    1   17    4    2    0]
 [ 187   26    3   82    3    1   71   12    0    0   20    9    6    5]
 [  79   10    0   68    1   13   73    7    0    0    5    3    2    3]
 [ 791  213   12  267   19   11  182   52    0    0   79   11   16   14]
 [  49   13    1   11    3    1   13    4    0    0    9    0    1    1]
 [ 162   33    2   78    5    4   89   14    0    0   14    7    0    5]
 [ 149   16    3   28    2    0   57    7    0    0   48    2    2   13]
 [ 275   40    1   83    3    4  102   15    0    0   19    8    5   12]
 [ 220   23    2   67    7    9   76   12    0    0   16    3    3   10]
 [  14    0    0    2    0    0   23    0    0    0    4    1    0    1]]