[[12591    11     0     0    86     0     0   441     0     1     2     0
      2     6]
 [ 1221     3     0     0    18     0     0   102     0     0     1     0
      0     2]
 [ 4164     4     0     0    65     0     1   363     0     1     5     0
      2     2]
 [ 1753     0     0     0     5     0     0    25     0     0     0     0
      0     0]
 [  408     1     0     0    10     0     0    38     0     0     0     0
      0     0]
 [  415     0     0     0     0     0     0    10     0     0     0     0
      0     0]
 [  262     0     0     0     0     0     0     1     0     0     1     0
      0     0]
 [ 1536     4     0     0    17     0     0   106     0     1     1     0
      1     1]
 [  100     0     0     0     1     0     0     4     0     0     0     0
      0     1]
 [  385     2     0     0     7     0     0    18     0     1     0     0
      0     0]
 [  306     1     0     0     2     0     0    18     0     0     0     0
      0     0]
 [  554     0     0     0     1     0     0    11     0     1     0     0
      0     0]
 [  437     0     0     0     0     0     0    11     0     0     0     0
      0     0]
 [   44     0     0     0     0     0     0     1     0     0     0     0
      0     0]]